Profiles1: (4000,1000), Shapes: 8, Rotations: 90 incremental

    Shape 1 (Loops: 1, Quantity: 6)
        Loop 1 (external): 6 Primitives
            Line: (128.702362, 153.247681),(128.702362, 423.247681)
            Line: (128.702362, 423.247681),(202.820251, 423.247681)
            Arc: (202.820251, 423.247681),(454.584534, 423.247681),
                Cen: (328.702393, 423.247681), Rad: 125.882141,
                StAng: -3.141593, Offset 3.141593
            Line: (454.584534, 423.247681),(528.702393, 423.247681)
            Line: (528.702393, 423.247681),(528.702393, 153.247681)
            Line: (528.702393, 153.247681),(128.702362, 153.247681)

    Shape 2 (Loops: 1, Quantity: 10)
        Loop 1 (external): 8 Primitives
            Line: (158.517273, 238.100677),(158.517273, 338.100677)
            Line: (158.517273, 338.100677),(278.517273, 338.100677)
            Line: (278.517273, 338.100677),(278.517273, 308.100677)
            Line: (278.517273, 308.100677),(248.517273, 308.100677)
            Line: (248.517273, 308.100677),(248.517273, 268.100677)
            Line: (248.517273, 268.100677),(218.517273, 268.100677)
            Line: (218.517273, 268.100677),(218.517273, 238.100677)
            Line: (218.517273, 238.100677),(158.517273, 238.100677)

